2;10;0
2;10;1
2;10;2
2;10;3
2;10;4
2;10;5
2;10;6
2;10;7
2;10;8
2;10;9
2;10;10
2;10;11
2;10;12
2;10;13
2;10;14
2;10;15
2;10;16
2;10;17
2;10;18
2;10;19
2;10;20
2;10;21
2;10;22
2;10;23
2;10;24
2;10;25
2;10;26
2;10;27
2;10;28
2;10;29
2;25;0
2;25;1
2;25;2
2;25;3
2;25;4
2;25;5
2;25;6
2;25;7
2;25;8
2;25;9
2;25;10
2;25;11
2;25;12
2;25;13
2;25;14
2;25;15
2;25;16
2;25;17
2;25;18
2;25;19
2;25;20
2;25;21
2;25;22
2;25;23
2;25;24
2;25;25
2;25;26
2;25;27
2;25;28
2;25;29
2;50;0
2;50;1
2;50;2
2;50;3
2;50;4
2;50;5
2;50;6
2;50;7
2;50;8
2;50;9
2;50;10
2;50;11
2;50;12
2;50;13
2;50;14
2;50;15
2;50;16
2;50;17
2;50;18
2;50;19
2;50;20
2;50;21
2;50;22
2;50;23
2;50;24
2;50;25
2;50;26
2;50;27
2;50;28
2;50;29
2;100;0
2;100;1
2;100;2
2;100;3
2;100;4
2;100;5
2;100;6
2;100;7
2;100;8
2;100;9
2;100;10
2;100;11
2;100;12
2;100;13
2;100;14
2;100;15
2;100;16
2;100;17
2;100;18
2;100;19
2;100;20
2;100;21
2;100;22
2;100;23
2;100;24
2;100;25
2;100;26
2;100;27
2;100;28
2;100;29
3;10;0
3;10;1
3;10;2
3;10;3
3;10;4
3;10;5
3;10;6
3;10;7
3;10;8
3;10;9
3;10;10
3;10;11
3;10;12
3;10;13
3;10;14
3;10;15
3;10;16
3;10;17
3;10;18
3;10;19
3;10;20
3;10;21
3;10;22
3;10;23
3;10;24
3;10;25
3;10;26
3;10;27
3;10;28
3;10;29
3;25;0
3;25;1
3;25;2
3;25;3
3;25;4
3;25;5
3;25;6
3;25;7
3;25;8
3;25;9
3;25;10
3;25;11
3;25;12
3;25;13
3;25;14
3;25;15
3;25;16
3;25;17
3;25;18
3;25;19
3;25;20
3;25;21
3;25;22
3;25;23
3;25;24
3;25;25
3;25;26
3;25;27
3;25;28
3;25;29
3;50;0
3;50;1
3;50;2
3;50;3
3;50;4
3;50;5
3;50;6
3;50;7
3;50;8
3;50;9
3;50;10
3;50;11
3;50;12
3;50;13
3;50;14
3;50;15
3;50;16
3;50;17
3;50;18
3;50;19
3;50;20
3;50;21
3;50;22
3;50;23
3;50;24
3;50;25
3;50;26
3;50;27
3;50;28
3;50;29
3;100;0
3;100;1
3;100;2
3;100;3
3;100;4
3;100;5
3;100;6
3;100;7
3;100;8
3;100;9
3;100;10
3;100;11
3;100;12
3;100;13
3;100;14
3;100;15
3;100;16
3;100;17
3;100;18
3;100;19
3;100;20
3;100;21
3;100;22
3;100;23
3;100;24
3;100;25
3;100;26
3;100;27
3;100;28
3;100;29
4;10;0
4;10;1
4;10;2
4;10;3
4;10;4
4;10;5
4;10;6
4;10;7
4;10;8
4;10;9
4;10;10
4;10;11
4;10;12
4;10;13
4;10;14
4;10;15
4;10;16
4;10;17
4;10;18
4;10;19
4;10;20
4;10;21
4;10;22
4;10;23
4;10;24
4;10;25
4;10;26
4;10;27
4;10;28
4;10;29
4;25;0
4;25;1
4;25;2
4;25;3
4;25;4
4;25;5
4;25;6
4;25;7
4;25;8
4;25;9
4;25;10
4;25;11
4;25;12
4;25;13
4;25;14
4;25;15
4;25;16
4;25;17
4;25;18
4;25;19
4;25;20
4;25;21
4;25;22
4;25;23
4;25;24
4;25;25
4;25;26
4;25;27
4;25;28
4;25;29
4;50;0
4;50;1
4;50;2
4;50;3
4;50;4
4;50;5
4;50;6
4;50;7
4;50;8
4;50;9
4;50;10
4;50;11
4;50;12
4;50;13
4;50;14
4;50;15
4;50;16
4;50;17
4;50;18
4;50;19
4;50;20
4;50;21
4;50;22
4;50;23
4;50;24
4;50;25
4;50;26
4;50;27
4;50;28
4;50;29
4;100;0
4;100;1
4;100;2
4;100;3
4;100;4
4;100;5
4;100;6
4;100;7
4;100;8
4;100;9
4;100;10
4;100;11
4;100;12
4;100;13
4;100;14
4;100;15
4;100;16
4;100;17
4;100;18
4;100;19
4;100;20
4;100;21
4;100;22
4;100;23
4;100;24
4;100;25
4;100;26
4;100;27
4;100;28
4;100;29