2;10;30
2;10;31
2;10;32
2;10;33
2;10;34
2;10;35
2;10;36
2;10;37
2;10;38
2;10;39
2;10;40
2;10;41
2;10;42
2;10;43
2;10;44
2;10;45
2;10;46
2;10;47
2;10;48
2;10;49
2;10;50
2;10;51
2;10;52
2;10;53
2;10;54
2;10;55
2;10;56
2;10;57
2;10;58
2;10;59
2;10;60
2;10;61
2;10;62
2;10;63
2;10;64
2;10;65
2;10;66
2;10;67
2;10;68
2;10;69
2;10;70
2;10;71
2;10;72
2;10;73
2;10;74
2;10;75
2;10;76
2;10;77
2;10;78
2;10;79
2;10;80
2;10;81
2;10;82
2;10;83
2;10;84
2;10;85
2;10;86
2;10;87
2;10;88
2;10;89
2;10;90
2;10;91
2;10;92
2;10;93
2;10;94
2;10;95
2;10;96
2;10;97
2;10;98
2;10;99
2;10;100
2;10;101
2;10;102
2;10;103
2;10;104
2;10;105
2;10;106
2;10;107
2;10;108
2;10;109
2;10;110
2;10;111
2;10;112
2;10;113
2;10;114
2;10;115
2;10;116
2;10;117
2;10;118
2;10;119
2;10;120
2;10;121
2;10;122
2;10;123
2;10;124
2;10;125
2;10;126
2;10;127
2;10;128
2;10;129
2;10;130
2;10;131
2;10;132
2;10;133
2;10;134
2;10;135
2;10;136
2;10;137
2;10;138
2;10;139
2;10;140
2;10;141
2;10;142
2;10;143
2;10;144
2;10;145
2;10;146
2;10;147
2;10;148
2;10;149
3;10;30
3;10;31
3;10;32
3;10;33
3;10;34
3;10;35
3;10;36
3;10;37
3;10;38
3;10;39
3;10;40
3;10;41
3;10;42
3;10;43
3;10;44
3;10;45
3;10;46
3;10;47
3;10;48
3;10;49
3;10;50
3;10;51
3;10;52
3;10;53
3;10;54
3;10;55
3;10;56
3;10;57
3;10;58
3;10;59
3;10;60
3;10;61
3;10;62
3;10;63
3;10;64
3;10;65
3;10;66
3;10;67
3;10;68
3;10;69
3;10;70
3;10;71
3;10;72
3;10;73
3;10;74
3;10;75
3;10;76
3;10;77
3;10;78
3;10;79
3;10;80
3;10;81
3;10;82
3;10;83
3;10;84
3;10;85
3;10;86
3;10;87
3;10;88
3;10;89
3;10;90
3;10;91
3;10;92
3;10;93
3;10;94
3;10;95
3;10;96
3;10;97
3;10;98
3;10;99
3;10;100
3;10;101
3;10;102
3;10;103
3;10;104
3;10;105
3;10;106
3;10;107
3;10;108
3;10;109
3;10;110
3;10;111
3;10;112
3;10;113
3;10;114
3;10;115
3;10;116
3;10;117
3;10;118
3;10;119
3;10;120
3;10;121
3;10;122
3;10;123
3;10;124
3;10;125
3;10;126
3;10;127
3;10;128
3;10;129
3;10;130
3;10;131
3;10;132
3;10;133
3;10;134
3;10;135
3;10;136
3;10;137
3;10;138
3;10;139
3;10;140
3;10;141
3;10;142
3;10;143
3;10;144
3;10;145
3;10;146
3;10;147
3;10;148
3;10;149
4;10;30
4;10;31
4;10;32
4;10;33
4;10;34
4;10;35
4;10;36
4;10;37
4;10;38
4;10;39
4;10;40
4;10;41
4;10;42
4;10;43
4;10;44
4;10;45
4;10;46
4;10;47
4;10;48
4;10;49
4;10;50
4;10;51
4;10;52
4;10;53
4;10;54
4;10;55
4;10;56
4;10;57
4;10;58
4;10;59
4;10;60
4;10;61
4;10;62
4;10;63
4;10;64
4;10;65
4;10;66
4;10;67
4;10;68
4;10;69
4;10;70
4;10;71
4;10;72
4;10;73
4;10;74
4;10;75
4;10;76
4;10;77
4;10;78
4;10;79
4;10;80
4;10;81
4;10;82
4;10;83
4;10;84
4;10;85
4;10;86
4;10;87
4;10;88
4;10;89
4;10;90
4;10;91
4;10;92
4;10;93
4;10;94
4;10;95
4;10;96
4;10;97
4;10;98
4;10;99
4;10;100
4;10;101
4;10;102
4;10;103
4;10;104
4;10;105
4;10;106
4;10;107
4;10;108
4;10;109
4;10;110
4;10;111
4;10;112
4;10;113
4;10;114
4;10;115
4;10;116
4;10;117
4;10;118
4;10;119
4;10;120
4;10;121
4;10;122
4;10;123
4;10;124
4;10;125
4;10;126
4;10;127
4;10;128
4;10;129
4;10;130
4;10;131
4;10;132
4;10;133
4;10;134
4;10;135
4;10;136
4;10;137
4;10;138
4;10;139
4;10;140
4;10;141
4;10;142
4;10;143
4;10;144
4;10;145
4;10;146
4;10;147
4;10;148
4;10;149
2;25;30
2;25;31
2;25;32
2;25;33
2;25;34
2;25;35
2;25;36
2;25;37
2;25;38
2;25;39
2;25;40
2;25;41
2;25;42
2;25;43
2;25;44
2;25;45
2;25;46
2;25;47
2;25;48
2;25;49
2;25;50
2;25;51
2;25;52
2;25;53
2;25;54
2;25;55
2;25;56
2;25;57
2;25;58
2;25;59
2;25;60
2;25;61
2;25;62
2;25;63
2;25;64
2;25;65
2;25;66
2;25;67
2;25;68
2;25;69
2;25;70
2;25;71
2;25;72
2;25;73
2;25;74
2;25;75
2;25;76
2;25;77
2;25;78
2;25;79
2;25;80
2;25;81
2;25;82
2;25;83
2;25;84
2;25;85
2;25;86
2;25;87
2;25;88
2;25;89
2;25;90
2;25;91
2;25;92
2;25;93
2;25;94
2;25;95
2;25;96
2;25;97
2;25;98
2;25;99
2;25;100
2;25;101
2;25;102
2;25;103
2;25;104
2;25;105
2;25;106
2;25;107
2;25;108
2;25;109
2;25;110
2;25;111
2;25;112
2;25;113
2;25;114
2;25;115
2;25;116
2;25;117
2;25;118
2;25;119
2;25;120
2;25;121
2;25;122
2;25;123
2;25;124
2;25;125
2;25;126
2;25;127
2;25;128
2;25;129
2;25;130
2;25;131
2;25;132
2;25;133
2;25;134
2;25;135
2;25;136
2;25;137
2;25;138
2;25;139
2;25;140
2;25;141
2;25;142
2;25;143
2;25;144
2;25;145
2;25;146
2;25;147
2;25;148
2;25;149
3;25;30
3;25;31
3;25;32
3;25;33
3;25;34
3;25;35
3;25;36
3;25;37
3;25;38
3;25;39
3;25;40
3;25;41
3;25;42
3;25;43
3;25;44
3;25;45
3;25;46
3;25;47
3;25;48
3;25;49
3;25;50
3;25;51
3;25;52
3;25;53
3;25;54
3;25;55
3;25;56
3;25;57
3;25;58
3;25;59
3;25;60
3;25;61
3;25;62
3;25;63
3;25;64
3;25;65
3;25;66
3;25;67
3;25;68
3;25;69
3;25;70
3;25;71
3;25;72
3;25;73
3;25;74
3;25;75
3;25;76
3;25;77
3;25;78
3;25;79
3;25;80
3;25;81
3;25;82
3;25;83
3;25;84
3;25;85
3;25;86
3;25;87
3;25;88
3;25;89
3;25;90
3;25;91
3;25;92
3;25;93
3;25;94
3;25;95
3;25;96
3;25;97
3;25;98
3;25;99
3;25;100
3;25;101
3;25;102
3;25;103
3;25;104
3;25;105
3;25;106
3;25;107
3;25;108
3;25;109
3;25;110
3;25;111
3;25;112
3;25;113
3;25;114
3;25;115
3;25;116
3;25;117
3;25;118
3;25;119
3;25;120
3;25;121
3;25;122
3;25;123
3;25;124
3;25;125
3;25;126
3;25;127
3;25;128
3;25;129
3;25;130
3;25;131
3;25;132
3;25;133
3;25;134
3;25;135
3;25;136
3;25;137
3;25;138
3;25;139
3;25;140
3;25;141
3;25;142
3;25;143
3;25;144
3;25;145
3;25;146
3;25;147
3;25;148
3;25;149
4;25;30
4;25;31
4;25;32
4;25;33
4;25;34
4;25;35
4;25;36
4;25;37
4;25;38
4;25;39
4;25;40
4;25;41
4;25;42
4;25;43
4;25;44
4;25;45
4;25;46
4;25;47
4;25;48
4;25;49
4;25;50
4;25;51
4;25;52
4;25;53
4;25;54
4;25;55
4;25;56
4;25;57
4;25;58
4;25;59
4;25;60
4;25;61
4;25;62
4;25;63
4;25;64
4;25;65
4;25;66
4;25;67
4;25;68
4;25;69
4;25;70
4;25;71
4;25;72
4;25;73
4;25;74
4;25;75
4;25;76
4;25;77
4;25;78
4;25;79
4;25;80
4;25;81
4;25;82
4;25;83
4;25;84
4;25;85
4;25;86
4;25;87
4;25;88
4;25;89
4;25;90
4;25;91
4;25;92
4;25;93
4;25;94
4;25;95
4;25;96
4;25;97
4;25;98
4;25;99
4;25;100
4;25;101
4;25;102
4;25;103
4;25;104
4;25;105
4;25;106
4;25;107
4;25;108
4;25;109
4;25;110
4;25;111
4;25;112
4;25;113
4;25;114
4;25;115
4;25;116
4;25;117
4;25;118
4;25;119
4;25;120
4;25;121
4;25;122
4;25;123
4;25;124
4;25;125
4;25;126
4;25;127
4;25;128
4;25;129
4;25;130
4;25;131
4;25;132
4;25;133
4;25;134
4;25;135
4;25;136
4;25;137
4;25;138
4;25;139
4;25;140
4;25;141
4;25;142
4;25;143
4;25;144
4;25;145
4;25;146
4;25;147
4;25;148
4;25;149
2;50;30
2;50;31
2;50;32
2;50;33
2;50;34
2;50;35
2;50;36
2;50;37
2;50;38
2;50;39
2;50;40
2;50;41
2;50;42
2;50;43
2;50;44
2;50;45
2;50;46
2;50;47
2;50;48
2;50;49
2;50;50
2;50;51
2;50;52
2;50;53
2;50;54
2;50;55
2;50;56
2;50;57
2;50;58
2;50;59
2;50;60
2;50;61
2;50;62
2;50;63
2;50;64
2;50;65
2;50;66
2;50;67
2;50;68
2;50;69
2;50;70
2;50;71
2;50;72
2;50;73
2;50;74
2;50;75
2;50;76
2;50;77
2;50;78
2;50;79
2;50;80
2;50;81
2;50;82
2;50;83
2;50;84
2;50;85
2;50;86
2;50;87
2;50;88
2;50;89
2;50;90
2;50;91
2;50;92
2;50;93
2;50;94
2;50;95
2;50;96
2;50;97
2;50;98
2;50;99
2;50;100
2;50;101
2;50;102
2;50;103
2;50;104
2;50;105
2;50;106
2;50;107
2;50;108
2;50;109
2;50;110
2;50;111
2;50;112
2;50;113
2;50;114
2;50;115
2;50;116
2;50;117
2;50;118
2;50;119
2;50;120
2;50;121
2;50;122
2;50;123
2;50;124
2;50;125
2;50;126
2;50;127
2;50;128
2;50;129
2;50;130
2;50;131
2;50;132
2;50;133
2;50;134
2;50;135
2;50;136
2;50;137
2;50;138
2;50;139
2;50;140
2;50;141
2;50;142
2;50;143
2;50;144
2;50;145
2;50;146
2;50;147
2;50;148
2;50;149
3;50;30
3;50;31
3;50;32
3;50;33
3;50;34
3;50;35
3;50;36
3;50;37
3;50;38
3;50;39
3;50;40
3;50;41
3;50;42
3;50;43
3;50;44
3;50;45
3;50;46
3;50;47
3;50;48
3;50;49
3;50;50
3;50;51
3;50;52
3;50;53
3;50;54
3;50;55
3;50;56
3;50;57
3;50;58
3;50;59
3;50;60
3;50;61
3;50;62
3;50;63
3;50;64
3;50;65
3;50;66
3;50;67
3;50;68
3;50;69
3;50;70
3;50;71
3;50;72
3;50;73
3;50;74
3;50;75
3;50;76
3;50;77
3;50;78
3;50;79
3;50;80
3;50;81
3;50;82
3;50;83
3;50;84
3;50;85
3;50;86
3;50;87
3;50;88
3;50;89
3;50;90
3;50;91
3;50;92
3;50;93
3;50;94
3;50;95
3;50;96
3;50;97
3;50;98
3;50;99
3;50;100
3;50;101
3;50;102
3;50;103
3;50;104
3;50;105
3;50;106
3;50;107
3;50;108
3;50;109
3;50;110
3;50;111
3;50;112
3;50;113
3;50;114
3;50;115
3;50;116
3;50;117
3;50;118
3;50;119
3;50;120
3;50;121
3;50;122
3;50;123
3;50;124
3;50;125
3;50;126
3;50;127
3;50;128
3;50;129
3;50;130
3;50;131
3;50;132
3;50;133
3;50;134
3;50;135
3;50;136
3;50;137
3;50;138
3;50;139
3;50;140
3;50;141
3;50;142
3;50;143
3;50;144
3;50;145
3;50;146
3;50;147
3;50;148
3;50;149
4;50;30
4;50;31
4;50;32
4;50;33
4;50;34
4;50;35
4;50;36
4;50;37
4;50;38
4;50;39
4;50;40
4;50;41
4;50;42
4;50;43
4;50;44
4;50;45
4;50;46
4;50;47
4;50;48
4;50;49
4;50;50
4;50;51
4;50;52
4;50;53
4;50;54
4;50;55
4;50;56
4;50;57
4;50;58
4;50;59
4;50;60
4;50;61
4;50;62
4;50;63
4;50;64
4;50;65
4;50;66
4;50;67
4;50;68
4;50;69
4;50;70
4;50;71
4;50;72
4;50;73
4;50;74
4;50;75
4;50;76
4;50;77
4;50;78
4;50;79
4;50;80
4;50;81
4;50;82
4;50;83
4;50;84
4;50;85
4;50;86
4;50;87
4;50;88
4;50;89
4;50;90
4;50;91
4;50;92
4;50;93
4;50;94
4;50;95
4;50;96
4;50;97
4;50;98
4;50;99
4;50;100
4;50;101
4;50;102
4;50;103
4;50;104
4;50;105
4;50;106
4;50;107
4;50;108
4;50;109
4;50;110
4;50;111
4;50;112
4;50;113
4;50;114
4;50;115
4;50;116
4;50;117
4;50;118
4;50;119
4;50;120
4;50;121
4;50;122
4;50;123
4;50;124
4;50;125
4;50;126
4;50;127
4;50;128
4;50;129
4;50;130
4;50;131
4;50;132
4;50;133
4;50;134
4;50;135
4;50;136
4;50;137
4;50;138
4;50;139
4;50;140
4;50;141
4;50;142
4;50;143
4;50;144
4;50;145
4;50;146
4;50;147
4;50;148
4;50;149
2;100;30
2;100;31
2;100;32
2;100;33
2;100;34
2;100;35
2;100;36
2;100;37
2;100;38
2;100;39
2;100;40
2;100;41
2;100;42
2;100;43
2;100;44
2;100;45
2;100;46
2;100;47
2;100;48
2;100;49
2;100;50
2;100;51
2;100;52
2;100;53
2;100;54
2;100;55
2;100;56
2;100;57
2;100;58
2;100;59
2;100;60
2;100;61
2;100;62
2;100;63
2;100;64
2;100;65
2;100;66
2;100;67
2;100;68
2;100;69
2;100;70
2;100;71
2;100;72
2;100;73
2;100;74
2;100;75
2;100;76
2;100;77
2;100;78
2;100;79
2;100;80
2;100;81
2;100;82
2;100;83
2;100;84
2;100;85
2;100;86
2;100;87
2;100;88
2;100;89
2;100;90
2;100;91
2;100;92
2;100;93
2;100;94
2;100;95
2;100;96
2;100;97
2;100;98
2;100;99
2;100;100
2;100;101
2;100;102
2;100;103
2;100;104
2;100;105
2;100;106
2;100;107
2;100;108
2;100;109
2;100;110
2;100;111
2;100;112
2;100;113
2;100;114
2;100;115
2;100;116
2;100;117
2;100;118
2;100;119
2;100;120
2;100;121
2;100;122
2;100;123
2;100;124
2;100;125
2;100;126
2;100;127
2;100;128
2;100;129
2;100;130
2;100;131
2;100;132
2;100;133
2;100;134
2;100;135
2;100;136
2;100;137
2;100;138
2;100;139
2;100;140
2;100;141
2;100;142
2;100;143
2;100;144
2;100;145
2;100;146
2;100;147
2;100;148
2;100;149
3;100;30
3;100;31
3;100;32
3;100;33
3;100;34
3;100;35
3;100;36
3;100;37
3;100;38
3;100;39
3;100;40
3;100;41
3;100;42
3;100;43
3;100;44
3;100;45
3;100;46
3;100;47
3;100;48
3;100;49
3;100;50
3;100;51
3;100;52
3;100;53
3;100;54
3;100;55
3;100;56
3;100;57
3;100;58
3;100;59
3;100;60
3;100;61
3;100;62
3;100;63
3;100;64
3;100;65
3;100;66
3;100;67
3;100;68
3;100;69
3;100;70
3;100;71
3;100;72
3;100;73
3;100;74
3;100;75
3;100;76
3;100;77
3;100;78
3;100;79
3;100;80
3;100;81
3;100;82
3;100;83
3;100;84
3;100;85
3;100;86
3;100;87
3;100;88
3;100;89
3;100;90
3;100;91
3;100;92
3;100;93
3;100;94
3;100;95
3;100;96
3;100;97
3;100;98
3;100;99
3;100;100
3;100;101
3;100;102
3;100;103
3;100;104
3;100;105
3;100;106
3;100;107
3;100;108
3;100;109
3;100;110
3;100;111
3;100;112
3;100;113
3;100;114
3;100;115
3;100;116
3;100;117
3;100;118
3;100;119
3;100;120
3;100;121
3;100;122
3;100;123
3;100;124
3;100;125
3;100;126
3;100;127
3;100;128
3;100;129
3;100;130
3;100;131
3;100;132
3;100;133
3;100;134
3;100;135
3;100;136
3;100;137
3;100;138
3;100;139
3;100;140
3;100;141
3;100;142
3;100;143
3;100;144
3;100;145
3;100;146
3;100;147
3;100;148
3;100;149
4;100;30
4;100;31
4;100;32
4;100;33
4;100;34
4;100;35
4;100;36
4;100;37
4;100;38
4;100;39
4;100;40
4;100;41
4;100;42
4;100;43
4;100;44
4;100;45
4;100;46
4;100;47
4;100;48
4;100;49
4;100;50
4;100;51
4;100;52
4;100;53
4;100;54
4;100;55
4;100;56
4;100;57
4;100;58
4;100;59
4;100;60
4;100;61
4;100;62
4;100;63
4;100;64
4;100;65
4;100;66
4;100;67
4;100;68
4;100;69
4;100;70
4;100;71
4;100;72
4;100;73
4;100;74
4;100;75
4;100;76
4;100;77
4;100;78
4;100;79
4;100;80
4;100;81
4;100;82
4;100;83
4;100;84
4;100;85
4;100;86
4;100;87
4;100;88
4;100;89
4;100;90
4;100;91
4;100;92
4;100;93
4;100;94
4;100;95
4;100;96
4;100;97
4;100;98
4;100;99
4;100;100
4;100;101
4;100;102
4;100;103
4;100;104
4;100;105
4;100;106
4;100;107
4;100;108
4;100;109
4;100;110
4;100;111
4;100;112
4;100;113
4;100;114
4;100;115
4;100;116
4;100;117
4;100;118
4;100;119
4;100;120
4;100;121
4;100;122
4;100;123
4;100;124
4;100;125
4;100;126
4;100;127
4;100;128
4;100;129
4;100;130
4;100;131
4;100;132
4;100;133
4;100;134
4;100;135
4;100;136
4;100;137
4;100;138
4;100;139
4;100;140
4;100;141
4;100;142
4;100;143
4;100;144
4;100;145
4;100;146
4;100;147
4;100;148
4;100;149
